989 7 20 48 11 103 31 242 0 3 0 3 10 63 325 172 2 0 53 823 51 78
11 2136 97 7 47 49 290 124 0 51 1 166 5 41 10 8 26 5 3 33 84 640
36 174 1913 9 19 51 343 212 0 45 0 8 1 22 51 84 0 40 4 7 13 293
97 46 14 1560 67 352 82 248 0 1 1 37 160 320 671 1662 3 44 129 167 75 192
166 61 55 280 458 1385 217 496 0 30 60 365 130 97 148 578 145 222 194 272 306 173
79 19 108 237 107 1800 91 529 0 23 130 135 130 53 87 651 8 252 84 189 147 43
64 40 24 117 62 290 584 2738 0 22 0 12 11 14 91 403 2 69 16 26 36 207
68 50 91 143 76 359 954 2573 0 35 5 44 18 16 148 250 28 41 28 59 53 143
26 309 201 36 14 37 146 124 0 15 59 240 16 51 25 92 144 143 9 145 90 620
38 101 122 39 64 87 636 1881 0 218 2 28 3 13 59 109 2 28 23 29 51 258
10 89 84 162 22 808 93 52 0 6 529 763 147 225 73 657 251 790 281 267 54 384
34 236 35 157 43 502 146 110 0 11 461 961 52 73 72 780 797 493 143 220 106 460
51 0 7 147 5 99 13 72 0 2 0 1 2123 3693 137 244 3 12 85 174 22 32
60 27 14 157 7 74 23 70 0 6 2 8 1423 4253 76 338 104 30 62 101 29 42
390 3 21 824 54 134 37 275 0 2 9 33 265 376 2134 1197 6 42 286 581 90 279
49 26 20 162 17 272 44 191 0 12 3 51 64 33 280 5065 0 5 90 61 12 276
19 21 11 18 4 15 45 30 0 1 18 181 38 15 32 15 5238 140 19 599 60 64
1 0 6 28 3 147 20 20 0 0 67 15 9 0 5 22 48 4547 6 58 101 2
121 57 15 122 61 139 28 86 0 0 5 102 241 284 338 641 152 6 676 537 112 188
117 5 14 30 9 53 6 44 0 2 23 23 92 50 58 72 61 52 61 2543 185 125
186 78 17 54 30 88 32 102 0 9 15 76 36 80 77 69 325 236 67 888 2608 261
95 287 70 9 5 78 299 299 0 59 10 131 9 8 73 643 17 14 22 54 31 2466